Motif	Counts	avgRef	topRef	OvE	p-value
LAIT	4	0.28	2	14.234	0.001
VRTT	4	0.29	2	13.605	0.001
DYA	35	2.49	7	14.022	0.001
SNQD	7	0.43	3	16.129	0.001
FDI	4	0.3	2	13.029	0.001
YAE	111	4.86	11	22.806	0.001
SITL	5	0.43	3	11.6	0.001
SSAE	39	2.04	7	19.042	0.001
FIGS	4	0.26	2	15.094	0.001
QSAE	5	0.45	3	11.037	0.001
SAET	260	4.55	12	57.092	0.001
AELY	4	0.32	2	12.307	0.001
TTSA	10	0.76	4	13.003	0.001
FYSN	9	0.59	4	15.202	0.001
IRSA	12	0.84	4	14.134	0.001
NYA	48	1.44	6	33.195	0.001
DVGL	4	0.32	2	12.195	0.001
LYYN	4	0.3	2	13.201	0.001
IRST	7	0.57	4	12.089	0.001
SNER	35	0.64	4	53.929	0.001
ASAE	15	0.9	4	16.592	0.001
GNQD	7	0.14	1	47.945	0.001
SPHA	4	0.13	1	29.411	0.001
NTGQ	35	1.36	6	25.547	0.001
GDYA	28	0.15	1	181.818	0.001
TDSA	16	1.38	6	11.569	0.001
SMRS	16	1.37	5	11.661	0.001
GNYA	6	0.59	3	10.152	0.001
DSAE	110	0.56	3	196.078	0.001
SYLN	4	0.27	2	14.336	0.001
LILT	4	0.29	2	13.651	0.001
YWGG	6	0.14	1	40.268	0.001
CC	6	0.44	3	13.544	0.001
ISLG	4	0.29	2	13.377	0.001
SWTQ	7	0.57	3	12.259	0.001
NQD	34	2.79	8	12.173	0.001
EDSA	4	0.3	2	13.201	0.001
LVED	4	0.16	1	23.952	0.001
QLDE	5	0.43	3	11.547	0.001
RSAA	5	0.44	3	11.235	0.001
PSPR	4	0.28	2	14.035	0.001
DWGD	12	0.88	4	13.559	0.001
DWGF	4	0.3	2	13.201	0.001
LGFL	6	0.58	3	10.309	0.001
REYP	5	0.14	1	33.783	0.001
ANSD	8	0.78	5	10.139	0.001
SIRS	70	1.67	6	41.891	0.001
STHD	4	0.15	1	25.641	0.001
WTQG	6	0.27	2	21.582	0.001
NYAE	46	0.43	3	106.728	0.001
DTAT	4	0.29	2	13.513	0.001
IRSS	18	0.89	5	20.156	0.001
EEVS	4	0.16	1	24.242	0.001
SSED	4	0.13	1	29.629	0.001
DQNT	13	1.04	6	12.476	0.001
SYFS	5	0.46	3	10.845	0.001
IFGQ	4	0.14	1	27.21	0.001
PAVT	6	0.44	3	13.605	0.001
ESAE	17	0.74	5	22.941	0.001
IRSN	5	0.3	2	16.233	0.001
VPAV	5	0.14	1	33.557	0.001
SKKG	4	0.15	1	25.316	0.001
DYAE	34	0.28	2	119.298	0.001
ARVW	4	0.3	2	13.201	0.001
DWGY	7	0.28	2	24.221	0.001
DFF	4	0.39	3	10.204	0.001
SMRA	8	0.73	4	10.854	0.001
NER	47	1.62	7	28.94	0.001
YRRA	4	0.14	1	27.777	0.001
IDSN	5	0.45	3	11.013	0.001
SVEE	5	0.46	3	10.845	0.001
YFSG	4	0.31	2	12.578	0.001
NQDT	31	1.03	5	29.836	0.001
EGRM	5	0.46	3	10.66	0.001
QESA	4	0.31	2	12.82	0.001
GPQD	6	0.42	3	14.285	0.001
ALNG	4	0.27	2	14.336	0.001
EVFG	4	0.15	1	26.315	0.001
IFGG	7	0.26	2	26.022	0.001
SDPK	4	0.29	2	13.422	0.001
GESA	8	0.58	3	13.675	0.001
FSAN	4	0.31	2	12.779	0.001
TDYA	5	0.14	1	34.246	0.001
GDSA	23	2.18	8	10.526	0.001
PNSD	6	0.3	2	19.672	0.001
SEMT	6	0.3	2	19.867	0.001
TSAE	37	1.79	6	20.601	0.001
